{
 "cells": [
  {
   "cell_type": "code",
   "execution_count": 1,
   "metadata": {},
   "outputs": [],
   "source": [
    "import updated_impyute \n",
    "import numpy as np\n",
    "import matplotlib.pyplot as plt\n",
    "from scipy.stats import multivariate_normal\n",
    "from sklearn.metrics import mean_squared_error\n",
    "import torch\n",
    "from produce_NA import *\n",
    "import importlib\n"
   ]
  },
  {
   "cell_type": "code",
   "execution_count": null,
   "metadata": {},
   "outputs": [],
   "source": []
  },
  {
   "cell_type": "code",
   "execution_count": 2,
   "metadata": {},
   "outputs": [],
   "source": [
    "# Function to generate synthetic data\n",
    "def generate_synthetic_data(n_samples=100, n_features=5):\n",
    "    mean = np.random.rand(n_features) * 10\n",
    "    cov = np.random.rand(n_features, n_features)\n",
    "    cov = np.dot(cov, cov.transpose())  # Ensure the covariance matrix is positive semi-definite\n",
    "    data = multivariate_normal.rvs(mean=mean, cov=cov, size=n_samples)\n",
    "    return data"
   ]
  },
  {
   "cell_type": "code",
   "execution_count": 3,
   "metadata": {},
   "outputs": [],
   "source": [
    "# Generate synthetic data\n",
    "data = generate_synthetic_data(n_samples=10000, n_features=5)\n",
    "missing_data_info = produce_NA(data, 0.60 , mecha=\"MCAR\")\n",
    "X_incomp = missing_data_info['X_incomp'].numpy()"
   ]
  },
  {
   "cell_type": "code",
   "execution_count": 4,
   "metadata": {},
   "outputs": [],
   "source": [
    "test = updated_impyute.em(X_incomp, eps=0.1)"
   ]
  },
  {
   "cell_type": "code",
   "execution_count": 5,
   "metadata": {},
   "outputs": [
    {
     "name": "stdout",
     "output_type": "stream",
     "text": [
      "1.8458298234032493\n"
     ]
    }
   ],
   "source": [
    "print(mean_squared_error(data, test))"
   ]
  },
  {
   "cell_type": "code",
   "execution_count": null,
   "metadata": {},
   "outputs": [],
   "source": []
  },
  {
   "cell_type": "code",
   "execution_count": 6,
   "metadata": {},
   "outputs": [],
   "source": [
    "def nan_covariance(data): #not sure how to initialise without a function like this, np.cov() does not work well as there is alot of NaN in the matrix\n",
    "    n, m = data.shape # this function basicaly computes covariance ignoring the mssiing data\n",
    "    means = np.nanmean(data, axis=0)\n",
    "    data_filled = np.where(np.isnan(data), means, data)\n",
    "\n",
    "    return np.cov(data_filled, rowvar=False)"
   ]
  },
  {
   "cell_type": "code",
   "execution_count": 7,
   "metadata": {},
   "outputs": [
    {
     "name": "stdout",
     "output_type": "stream",
     "text": [
      "[[1.92253121 0.27718718 0.29192713 0.16397423 0.12485186]\n",
      " [0.27718718 1.68548493 0.34853687 0.22507205 0.15226918]\n",
      " [0.29192713 0.34853687 1.77899979 0.29578803 0.1720525 ]\n",
      " [0.16397423 0.22507205 0.29578803 1.17939233 0.14524373]\n",
      " [0.12485186 0.15226918 0.1720525  0.14524373 0.46084032]]\n"
     ]
    }
   ],
   "source": [
    "print(nan_covariance(X_incomp))"
   ]
  },
  {
   "cell_type": "code",
   "execution_count": 8,
   "metadata": {},
   "outputs": [],
   "source": [
    "def log_likelihood1(X, mu, Sigma):\n",
    "    N=X.shape[0]\n",
    "    p=X.shape[1]\n",
    "    result=-N/2*np.log(np.linalg.det(Sigma))\n",
    "    X_muT=X-mu.T\n",
    "    for n in range(N):\n",
    "        result=result-0.5*(X[n,:]-mu.T).dot(np.linalg.solve(Sigma, X[n,:].T-mu)) #is repetitively summing here bad?\n",
    "    return result"
   ]
  },
  {
   "cell_type": "code",
   "execution_count": 9,
   "metadata": {},
   "outputs": [],
   "source": [
    "def calculate_xhat(xn,mu,Sigma,missing_indices):\n",
    "    #m=missing_indices.shape[0]\n",
    "    p=Sigma.shape[0]\n",
    "    \n",
    "    xhatn=xn.copy()\n",
    "    observed_indices=np.arange(p)[~np.isin(np.arange(p),missing_indices)]\n",
    "    #appended_indices=np.append(observed_indices, missing_indices)\n",
    "    \n",
    "    Sigma22=Sigma[missing_indices,:][:,missing_indices]\n",
    "    Sigma11=Sigma[observed_indices,:][:,observed_indices]\n",
    "    Sigma21=Sigma[missing_indices,:][:,observed_indices]\n",
    "    \n",
    "    mu1=mu[observed_indices]\n",
    "    mu2=mu[missing_indices]\n",
    "    xhatn_1=xhatn[observed_indices]\n",
    "    mu2_conditional=mu2+Sigma21.dot(np.linalg.solve(Sigma11,xhatn_1-mu1))\n",
    "    #print(xhatn)\n",
    "    #print(mu2_conditional,xhatn[missing_indices,],mu2_conditional.shape,xhatn[missing_indices,].shape)\n",
    "    xhatn[missing_indices,] = mu2_conditional\n",
    "    #this doesnt seem to work \n",
    "    #reason: Array is passed as a view, potential danger!\n",
    "    #hmm still doesnt work wtf\n",
    "    #Its because a numpy array of ints rounds floats that are added to it wtfffff, fixed now\n",
    "    \n",
    "    #print(xhatn.base)\n",
    "    #print(mu2_conditional,xhatn[missing_indices])\n",
    "    \n",
    "    return xhatn"
   ]
  },
  {
   "cell_type": "code",
   "execution_count": 10,
   "metadata": {},
   "outputs": [],
   "source": [
    "import numpy as np\n",
    "\n",
    "def regularize_covariance(Sigma,eigenvalue_tol=1e-2,ridge_coefficient=5e-1,verbose=True):\n",
    "    \n",
    "    \"\"\"\n",
    "    regularizes covariance matrices with very small eigenvalues by adding lambda*In\n",
    "    \n",
    "    Sigma: (p,p) numpy array (positive definite covariance matrix, must be possible to do eigenvalue decomposition)\n",
    "    \n",
    "    eigenvalue_tol : threshold of the smallest eigenvalue that leads to regularization\n",
    "    \n",
    "    ridge_coefficient : the lambda such that lambda*In gets added if the threshold is reached\n",
    "    \"\"\"\n",
    "    \n",
    "    eigenvalues, eigenvectors = np.linalg.eig(Sigma)\n",
    "    #eigenvectors are in the columns\n",
    "    p=Sigma.shape[0]\n",
    "    \n",
    "    small_indices=np.where(eigenvalues<eigenvalue_tol)\n",
    "    if verbose:\n",
    "        print(\"The eigenvectors are the columns of :\\n\",eigenvectors)\n",
    "        print(\"The smallest eigenvalue is :\",min(eigenvalues))\n",
    "        print(\"The eigenvalues below the tolerance of \", eigenvalue_tol,\" are :\\n\",eigenvalues[small_indices])\n",
    "        print(\"We added \",ridge_coefficient,\" to the diagonal.\")\n",
    "    if len(small_indices)>0:\n",
    "        Sigma=Sigma+ridge_coefficient*np.eye(p)\n",
    "    return Sigma"
   ]
  },
  {
   "cell_type": "code",
   "execution_count": 11,
   "metadata": {},
   "outputs": [],
   "source": [
    "def calculate_C(Sigma,missing_indices,verbose=False):\n",
    "    p=Sigma.shape[0]\n",
    "    m=missing_indices.shape[0]\n",
    "    if verbose:\n",
    "        print(\"Original unconditional covariance : \\n\",Sigma)\n",
    "    observed_indices=np.arange(p)[~np.isin(np.arange(p),missing_indices)]\n",
    "    appended_indices=np.append(observed_indices, missing_indices)\n",
    "    Sigma=(Sigma[appended_indices,:])[:,appended_indices]\n",
    "    \n",
    "    if verbose:\n",
    "        print(\"Unconditional covariance rearranged so that missing indices are at the bottom : \\n\",Sigma)\n",
    "    Sigma11=Sigma[0:(p-m),0:(p-m)]\n",
    "    Sigma21=Sigma[(p-m):p,0:(p-m)]\n",
    "    Sigma22=Sigma[(p-m):p,(p-m):p]\n",
    "    Sigma22_conditional=Sigma22-Sigma21.dot(np.linalg.solve(Sigma11,Sigma21.T))\n",
    "    \n",
    "    reverse_permutation=np.argsort(appended_indices)\n",
    "    result=np.full((p,p),0)\n",
    "    result[(p-m):p,(p-m):p]=Sigma22_conditional\n",
    "    if verbose:\n",
    "        print(\"The conditional covariance when ordered is : \\n\",result)\n",
    "    result=(result[reverse_permutation,:])[:,reverse_permutation]\n",
    "    if verbose:\n",
    "        print(\"After permuting back we get : \\n\", result)\n",
    "    return(result)"
   ]
  },
  {
   "cell_type": "code",
   "execution_count": 12,
   "metadata": {},
   "outputs": [],
   "source": [
    "def em_algorithm1(data, max_iter=100, tol=1e-6):\n",
    "    n, p = data.shape\n",
    "\n",
    "    # Initialize mean and covariance estimates\n",
    "    means = np.nanmean(data, axis=0)\n",
    "    covariance = nan_covariance(data)\n",
    "    covariance = regularize_covariance(covariance)\n",
    "\n",
    "    # Create an array to hold imputed data\n",
    "    imputed_data = np.where(np.isnan(data), np.nanmean(data, axis=0), data)\n",
    "    #imputed_data = np.where(np.isnan(data), None, data)\n",
    "    \n",
    "    old_log_likelihood = log_likelihood1(imputed_data, means, covariance)\n",
    "    #print(old_log_likelihood)\n",
    "\n",
    "    for iteration in range(max_iter):\n",
    "        # E-step: Estimate missing values\n",
    "        for i in range(n):\n",
    "            missing = np.where(np.isnan(data[i]))[0]\n",
    "            if np.isnan(data[i]).any():\n",
    "                imputed_data[i,] = calculate_xhat(imputed_data[i,],means,covariance,missing) #this function works with Nans in the missing entries too, why do we impute?\n",
    "\n",
    "        # M-step: Update mean and covariance estimates\n",
    "        means = np.mean(imputed_data, axis=0)\n",
    "        new_covariance = np.full((p,p),0) \n",
    "\n",
    "        # Add the conditional covariance for missing data\n",
    "        for i in range(n):\n",
    "            missing = np.where(np.isnan(data[i]))[0]\n",
    "            #if missing.any(): #with this condition, are you not skipping xhat-mu *(xhat-mu).T when there is no missing data? I think so...\n",
    "            new_covariance = new_covariance + calculate_C(covariance,missing,verbose=False) + (imputed_data[i,]-means).reshape(-1, 1) @ np.transpose((imputed_data[i,]-means).reshape(-1, 1))\n",
    "            \n",
    "        covariance = new_covariance/n \n",
    "        covariance = regularize_covariance(covariance)\n",
    "        #print(covariance)\n",
    "        # Convergence test based on log likelihood\n",
    "        new_log_likelihood = log_likelihood1(imputed_data, means, covariance)\n",
    "        #print(new_log_likelihood)\n",
    "        difference=new_log_likelihood - old_log_likelihood\n",
    "        #print(\"The new log likelihood is :\", new_log_likelihood, \"  Difference of : \",difference)\n",
    "        \n",
    "        if np.abs(difference) < tol: #absolute value not necessary and potentially undesirable, as in theory should always be positive\n",
    "            #print(\"Convergence achieved! \\n\")\n",
    "            break\n",
    "        old_log_likelihood = new_log_likelihood\n",
    "\n",
    "    return imputed_data,means,covariance"
   ]
  },
  {
   "cell_type": "code",
   "execution_count": 13,
   "metadata": {},
   "outputs": [
    {
     "name": "stdout",
     "output_type": "stream",
     "text": [
      "The eigenvectors are the columns of :\n",
      " [[-5.71317127e-01 -4.15308217e-02  8.16778957e-01  3.18040381e-02\n",
      "   6.10947543e-02]\n",
      " [-5.00471142e-01 -6.65457157e-02 -3.00927402e-01  1.70390044e-01\n",
      "  -7.90892050e-01]\n",
      " [-5.69083172e-01 -6.98536716e-02 -4.58845390e-01  3.05136292e-01\n",
      "   6.06314736e-01]\n",
      " [-2.84156255e-01 -1.31547433e-01 -1.73346907e-01 -9.32073951e-01\n",
      "   5.60312066e-02]\n",
      " [-1.36106364e-01  9.85729474e-01 -4.15522766e-02 -8.99206850e-02\n",
      "  -3.74433800e-04]]\n",
      "The smallest eigenvalue is : 0.4137249635620072\n",
      "The eigenvalues below the tolerance of  0.01  are :\n",
      " []\n",
      "We added  0.5  to the diagonal.\n",
      "The eigenvectors are the columns of :\n",
      " [[-5.71317127e-01 -4.15308217e-02  8.16778957e-01  3.18040381e-02\n",
      "   6.10947543e-02]\n",
      " [-5.00471142e-01 -6.65457157e-02 -3.00927402e-01  1.70390044e-01\n",
      "  -7.90892050e-01]\n",
      " [-5.69083172e-01 -6.98536716e-02 -4.58845390e-01  3.05136292e-01\n",
      "   6.06314736e-01]\n",
      " [-2.84156255e-01 -1.31547433e-01 -1.73346907e-01 -9.32073951e-01\n",
      "   5.60312066e-02]\n",
      " [-1.36106364e-01  9.85729474e-01 -4.15522766e-02 -8.99206850e-02\n",
      "  -3.74433800e-04]]\n",
      "The smallest eigenvalue is : 0.41368359106564817\n",
      "The eigenvalues below the tolerance of  0.01  are :\n",
      " []\n",
      "We added  0.5  to the diagonal.\n",
      "The eigenvectors are the columns of :\n",
      " [[-5.71317127e-01 -4.15308217e-02  8.16778957e-01  3.18040381e-02\n",
      "   6.10947543e-02]\n",
      " [-5.00471142e-01 -6.65457157e-02 -3.00927402e-01  1.70390044e-01\n",
      "  -7.90892050e-01]\n",
      " [-5.69083172e-01 -6.98536716e-02 -4.58845390e-01  3.05136292e-01\n",
      "   6.06314736e-01]\n",
      " [-2.84156255e-01 -1.31547433e-01 -1.73346907e-01 -9.32073951e-01\n",
      "   5.60312066e-02]\n",
      " [-1.36106364e-01  9.85729474e-01 -4.15522766e-02 -8.99206850e-02\n",
      "  -3.74433800e-04]]\n",
      "The smallest eigenvalue is : 0.41368359106564817\n",
      "The eigenvalues below the tolerance of  0.01  are :\n",
      " []\n",
      "We added  0.5  to the diagonal.\n"
     ]
    }
   ],
   "source": [
    "imputed_data, _, _ = em_algorithm1(X_incomp)"
   ]
  },
  {
   "cell_type": "code",
   "execution_count": 14,
   "metadata": {},
   "outputs": [
    {
     "name": "stdout",
     "output_type": "stream",
     "text": [
      "1.8458298234032493\n"
     ]
    }
   ],
   "source": [
    "print(mean_squared_error(data, imputed_data))"
   ]
  },
  {
   "cell_type": "code",
   "execution_count": 15,
   "metadata": {},
   "outputs": [
    {
     "name": "stdout",
     "output_type": "stream",
     "text": [
      "The eigenvectors are the columns of :\n",
      " [[-0.57049064 -0.6623867   0.05469725 -0.48199213 -0.02181911]\n",
      " [-0.31359327  0.19201309  0.90172937  0.20519601  0.09782117]\n",
      " [-0.45417863  0.68071209 -0.17109121 -0.40033991 -0.37524469]\n",
      " [-0.53935017 -0.1015725  -0.3163472   0.75057859 -0.18799107]\n",
      " [-0.28111002  0.22514198 -0.23354787 -0.04402171  0.90211182]]\n",
      "The smallest eigenvalue is : 0.07708064790361718\n",
      "The eigenvalues below the tolerance of  0.01  are :\n",
      " []\n",
      "We added  0.5  to the diagonal.\n",
      "The eigenvectors are the columns of :\n",
      " [[ 0.56870356  0.52394102 -0.4028451   0.38222368 -0.3060767 ]\n",
      " [ 0.31624623 -0.67171661 -0.64053774 -0.08219869  0.17815692]\n",
      " [ 0.45898625 -0.44851715  0.53772633  0.06373519 -0.54309503]\n",
      " [ 0.53383616  0.2616819   0.17007711 -0.71815598  0.31916656]\n",
      " [ 0.28445588 -0.06809959  0.33068323  0.57213481  0.69120016]]\n",
      "The smallest eigenvalue is : 0.030826464182773843\n",
      "The eigenvalues below the tolerance of  0.01  are :\n",
      " []\n",
      "We added  0.5  to the diagonal.\n",
      "The eigenvectors are the columns of :\n",
      " [[ 0.5693702   0.58424685  0.32836755  0.43669177 -0.18960023]\n",
      " [ 0.31649184  0.32195326 -0.87019418 -0.12156115  0.15544768]\n",
      " [ 0.45732965 -0.6535304  -0.19828479  0.19478363 -0.53524769]\n",
      " [ 0.53418788 -0.06660232  0.3033568  -0.77293046  0.14408537]\n",
      " [ 0.28485679 -0.35137426  0.05995522  0.39894991  0.79538487]]\n",
      "The smallest eigenvalue is : 0.029987116892362956\n",
      "The eigenvalues below the tolerance of  0.01  are :\n",
      " []\n",
      "We added  0.5  to the diagonal.\n",
      "The eigenvectors are the columns of :\n",
      " [[ 0.569372    0.58564716  0.32669585  0.43939507 -0.18175458]\n",
      " [ 0.31647628  0.31910122 -0.87123464 -0.12414753  0.15347564]\n",
      " [ 0.45730807 -0.65339887 -0.19609832  0.20365684 -0.53292456]\n",
      " [ 0.53418103 -0.06618039  0.30344846 -0.7751512   0.13164512]\n",
      " [ 0.28491796 -0.35196859  0.06070015  0.38624329  0.80129363]]\n",
      "The smallest eigenvalue is : 0.029942234074053213\n",
      "The eigenvalues below the tolerance of  0.01  are :\n",
      " []\n",
      "We added  0.5  to the diagonal.\n",
      "The eigenvectors are the columns of :\n",
      " [[ 0.56937053  0.58561056  0.3267822   0.43937333 -0.18177445]\n",
      " [ 0.31647409  0.31922598 -0.87118927 -0.12414219  0.15348255]\n",
      " [ 0.45731059 -0.65335298 -0.19618912  0.20361665 -0.5329606 ]\n",
      " [ 0.53417936 -0.06623359  0.30343965 -0.77514005  0.13171106]\n",
      " [ 0.28492244 -0.35199155  0.060637    0.38631329  0.80125299]]\n",
      "The smallest eigenvalue is : 0.029941548007712458\n",
      "The eigenvalues below the tolerance of  0.01  are :\n",
      " []\n",
      "We added  0.5  to the diagonal.\n",
      "The eigenvectors are the columns of :\n",
      " [[ 0.56937046  0.58560882  0.32678609  0.43937282 -0.18177447]\n",
      " [ 0.31647395  0.31923174 -0.8711872  -0.12414237  0.15348248]\n",
      " [ 0.45731074 -0.65335104 -0.1961933   0.20361603 -0.53296154]\n",
      " [ 0.53417926 -0.06623589  0.3034393  -0.77513987  0.1317122 ]\n",
      " [ 0.28492268 -0.35199236  0.0606341   0.3863145   0.80125218]]\n",
      "The smallest eigenvalue is : 0.02994149726030641\n",
      "The eigenvalues below the tolerance of  0.01  are :\n",
      " []\n",
      "We added  0.5  to the diagonal.\n",
      "The eigenvectors are the columns of :\n",
      " [[ 0.56937046  0.58560876  0.32678624  0.43937282 -0.18177441]\n",
      " [ 0.31647394  0.31923195 -0.87118713 -0.1241424   0.15348246]\n",
      " [ 0.45731075 -0.65335097 -0.19619345  0.20361609 -0.53296155]\n",
      " [ 0.53417925 -0.06623598  0.30343928 -0.77513989  0.13171213]\n",
      " [ 0.28492269 -0.35199239  0.06063398  0.38631442  0.80125221]]\n",
      "The smallest eigenvalue is : 0.029941494760054095\n",
      "The eigenvalues below the tolerance of  0.01  are :\n",
      " []\n",
      "We added  0.5  to the diagonal.\n",
      "The eigenvectors are the columns of :\n",
      " [[ 0.56937046  0.58560876  0.32678624  0.43937283 -0.1817744 ]\n",
      " [ 0.31647394  0.31923196 -0.87118712 -0.1241424   0.15348246]\n",
      " [ 0.45731075 -0.65335096 -0.19619346  0.20361609 -0.53296155]\n",
      " [ 0.53417925 -0.06623598  0.30343928 -0.77513989  0.13171212]\n",
      " [ 0.28492269 -0.35199239  0.06063398  0.38631441  0.80125221]]\n",
      "The smallest eigenvalue is : 0.029941494650610204\n",
      "The eigenvalues below the tolerance of  0.01  are :\n",
      " []\n",
      "We added  0.5  to the diagonal.\n",
      "The eigenvectors are the columns of :\n",
      " [[ 5.68352601e-01  6.89485379e-01  4.45795134e-01  5.33982113e-02\n",
      "   7.50086427e-04]\n",
      " [ 3.07469199e-01 -8.40228391e-02 -2.52041027e-01 -7.07219574e-02\n",
      "  -9.10975620e-01]\n",
      " [ 4.61475622e-01 -6.82233084e-01  4.22205047e-01  3.71494349e-01\n",
      "   7.30281888e-02]\n",
      " [ 5.38178442e-01  2.40442878e-02 -7.41284192e-01  1.44716237e-01\n",
      "   3.73283797e-01]\n",
      " [ 2.82563669e-01 -2.27002127e-01  9.99132843e-02 -9.12795812e-01\n",
      "   1.59527264e-01]]\n",
      "The smallest eigenvalue is : 0.11044650756713884\n",
      "The eigenvalues below the tolerance of  0.01  are :\n",
      " []\n",
      "We added  0.5  to the diagonal.\n",
      "The eigenvectors are the columns of :\n",
      " [[ 0.56477384  0.63511228 -0.18625744 -0.49291946  0.00120949]\n",
      " [ 0.3160033  -0.37500389 -0.84709283  0.19909195  0.0480638 ]\n",
      " [ 0.46100578 -0.62576871  0.33410952 -0.40517555 -0.34654118]\n",
      " [ 0.53726652  0.18265166  0.28230784  0.74373095 -0.21248437]\n",
      " [ 0.2828264  -0.17622813  0.23751845  0.00947872  0.91238589]]\n",
      "The smallest eigenvalue is : 0.05395008449481426\n",
      "The eigenvalues below the tolerance of  0.01  are :\n",
      " []\n",
      "We added  0.5  to the diagonal.\n",
      "The eigenvectors are the columns of :\n",
      " [[-0.56685997 -0.43913237  0.20334259  0.66108763 -0.08629877]\n",
      " [-0.31774292  0.16484775 -0.01109995 -0.27597414 -0.89195276]\n",
      " [-0.46193904 -0.51110585 -0.14698664 -0.65456439  0.2744513 ]\n",
      " [-0.53289546  0.59972191 -0.51739974  0.13520576  0.26527905]\n",
      " [-0.28345011  0.39886392  0.8180593  -0.20016564  0.22644273]]\n",
      "The smallest eigenvalue is : 0.041705439765934986\n",
      "The eigenvalues below the tolerance of  0.01  are :\n",
      " []\n",
      "We added  0.5  to the diagonal.\n",
      "The eigenvectors are the columns of :\n",
      " [[-0.56727605 -0.430551    0.22031451  0.66131542 -0.08334958]\n",
      " [-0.31772451  0.16227981 -0.01575684 -0.2741811  -0.89291256]\n",
      " [-0.46186458 -0.51593965 -0.12735007 -0.655132    0.27399162]\n",
      " [-0.53252454  0.57974919 -0.54132265  0.13416108  0.26320919]\n",
      " [-0.28345678  0.43126354  0.80122717 -0.20072246  0.22673668]]\n",
      "The smallest eigenvalue is : 0.04024189851919668\n",
      "The eigenvalues below the tolerance of  0.01  are :\n",
      " []\n",
      "We added  0.5  to the diagonal.\n",
      "The eigenvectors are the columns of :\n",
      " [[-0.56733192 -0.43047826  0.22055428  0.66120439 -0.08359139]\n",
      " [-0.31770285  0.16222685 -0.01577792 -0.27458789 -0.89280451]\n",
      " [-0.46184576 -0.51591511 -0.12718229 -0.65506041  0.27431846]\n",
      " [-0.53249623  0.57952213 -0.54163061  0.13432628  0.26304868]\n",
      " [-0.2834531   0.43169042  0.80097929 -0.2006553   0.22686418]]\n",
      "The smallest eigenvalue is : 0.04021721033218542\n",
      "The eigenvalues below the tolerance of  0.01  are :\n",
      " []\n",
      "We added  0.5  to the diagonal.\n",
      "The eigenvectors are the columns of :\n",
      " [[-0.56733887 -0.43047987  0.22056496  0.66118836 -0.08363456]\n",
      " [-0.31769923  0.16222711 -0.0157783  -0.27464986 -0.89278669]\n",
      " [-0.46184394 -0.51590634 -0.12718331 -0.65504896  0.27436487]\n",
      " [-0.53249278  0.57951627 -0.54164156  0.13435207  0.26303283]\n",
      " [-0.28345268  0.43170705  0.80096877 -0.20064344  0.22688068]]\n",
      "The smallest eigenvalue is : 0.04021614282107944\n",
      "The eigenvalues below the tolerance of  0.01  are :\n",
      " []\n",
      "We added  0.5  to the diagonal.\n",
      "The eigenvectors are the columns of :\n",
      " [[-0.56733975 -0.43048003  0.22056612  0.66118637 -0.08364045]\n",
      " [-0.31769865  0.16222747 -0.01577857 -0.2746579  -0.89278435]\n",
      " [-0.46184379 -0.5159053  -0.12718336 -0.65504744  0.2743707 ]\n",
      " [-0.53249234  0.57951557 -0.54164278  0.13435531  0.2630311 ]\n",
      " [-0.28345264  0.43170895  0.80096761 -0.20064178  0.22688267]]\n",
      "The smallest eigenvalue is : 0.04021605034702583\n",
      "The eigenvalues below the tolerance of  0.01  are :\n",
      " []\n",
      "We added  0.5  to the diagonal.\n",
      "The eigenvectors are the columns of :\n",
      " [[-0.56733986 -0.43048003  0.22056627  0.66118612 -0.08364122]\n",
      " [-0.31769857  0.16222754 -0.01577862 -0.27465891 -0.89278405]\n",
      " [-0.46184378 -0.51590518 -0.12718332 -0.65504725  0.27437141]\n",
      " [-0.53249228  0.57951546 -0.54164296  0.1343557   0.26303089]\n",
      " [-0.28345263  0.43170922  0.80096745 -0.20064157  0.22688292]]\n",
      "The smallest eigenvalue is : 0.04021603876277104\n",
      "The eigenvalues below the tolerance of  0.01  are :\n",
      " []\n",
      "We added  0.5  to the diagonal.\n",
      "The eigenvectors are the columns of :\n",
      " [[-0.56733988 -0.43048003  0.2205663   0.66118609 -0.08364132]\n",
      " [-0.31769855  0.16222755 -0.01577863 -0.27465904 -0.89278402]\n",
      " [-0.46184378 -0.51590517 -0.12718331 -0.65504722  0.2743715 ]\n",
      " [-0.53249228  0.57951544 -0.54164299  0.13435575  0.26303087]\n",
      " [-0.28345263  0.43170926  0.80096743 -0.20064154  0.22688295]]\n",
      "The smallest eigenvalue is : 0.04021603705520594\n",
      "The eigenvalues below the tolerance of  0.01  are :\n",
      " []\n",
      "We added  0.5  to the diagonal.\n",
      "The eigenvectors are the columns of :\n",
      " [[-0.56733988 -0.43048002  0.2205663   0.66118609 -0.08364133]\n",
      " [-0.31769855  0.16222755 -0.01577863 -0.27465905 -0.89278401]\n",
      " [-0.46184378 -0.51590517 -0.12718331 -0.65504722  0.27437151]\n",
      " [-0.53249228  0.57951543 -0.54164299  0.13435576  0.26303087]\n",
      " [-0.28345263  0.43170927  0.80096742 -0.20064154  0.22688295]]\n",
      "The smallest eigenvalue is : 0.04021603678257982\n",
      "The eigenvalues below the tolerance of  0.01  are :\n",
      " []\n",
      "We added  0.5  to the diagonal.\n",
      "The eigenvectors are the columns of :\n",
      " [[ 0.58576297  0.63663868 -0.11333552 -0.48695244 -0.0400665 ]\n",
      " [ 0.30883351 -0.18919788 -0.8726294   0.32248307  0.05786719]\n",
      " [ 0.44798693 -0.70416789  0.14456452 -0.38524526 -0.36625467]\n",
      " [ 0.53736705  0.11364029  0.41824784  0.70933828 -0.14223392]\n",
      " [ 0.26841753 -0.22389466  0.17275076 -0.08548271  0.91688227]]\n",
      "The smallest eigenvalue is : 0.14744492270495096\n",
      "The eigenvalues below the tolerance of  0.01  are :\n",
      " []\n",
      "We added  0.5  to the diagonal.\n",
      "The eigenvectors are the columns of :\n",
      " [[ 0.56966241  0.60161567  0.24464003 -0.50353034 -0.0123199 ]\n",
      " [ 0.31969182  0.22902647 -0.89680247  0.19861666  0.04050637]\n",
      " [ 0.4557325  -0.71945093 -0.12347568 -0.3961668  -0.32016226]\n",
      " [ 0.53662092 -0.02958381  0.33810608  0.7413402  -0.21739774]\n",
      " [ 0.27861757 -0.25907648  0.07959036  0.02179909  0.92110901]]\n",
      "The smallest eigenvalue is : 0.06286977476788953\n",
      "The eigenvalues below the tolerance of  0.01  are :\n",
      " []\n",
      "We added  0.5  to the diagonal.\n",
      "The eigenvectors are the columns of :\n",
      " [[ 0.56964814  0.47956394 -0.09756468 -0.62928433  0.20000447]\n",
      " [ 0.32146956 -0.15544891 -0.01621186 -0.11934319 -0.92627606]\n",
      " [ 0.45792594  0.46149033  0.22057806  0.72692401 -0.01604094]\n",
      " [ 0.53239989 -0.68927014  0.3928944  -0.01051174  0.29492461]\n",
      " [ 0.28109165 -0.24039014 -0.88724158  0.24744579  0.12154439]]\n",
      "The smallest eigenvalue is : 0.051815711473735426\n",
      "The eigenvalues below the tolerance of  0.01  are :\n",
      " []\n",
      "We added  0.5  to the diagonal.\n",
      "The eigenvectors are the columns of :\n",
      " [[ 5.70328257e-01  1.71093480e-01  4.53027799e-01 -6.35478260e-01\n",
      "   1.90750870e-01]\n",
      " [ 3.21803293e-01  1.84907010e-04 -1.42205108e-01 -9.21294665e-02\n",
      "  -9.31521591e-01]\n",
      " [ 4.58570706e-01 -1.43221869e-01  4.91092680e-01  7.26563643e-01\n",
      "   1.15609472e-02]\n",
      " [ 5.30583477e-01 -5.03436110e-01 -6.21566442e-01 -1.84462375e-02\n",
      "   2.79907399e-01]\n",
      " [ 2.81713331e-01  8.34725444e-01 -3.83440555e-01  2.43812531e-01\n",
      "   1.31908388e-01]]\n",
      "The smallest eigenvalue is : 0.04453008501065857\n",
      "The eigenvalues below the tolerance of  0.01  are :\n",
      " []\n",
      "We added  0.5  to the diagonal.\n",
      "The eigenvectors are the columns of :\n",
      " [[ 5.70424604e-01  1.72180844e-01  4.52496237e-01 -6.35333075e-01\n",
      "   1.91229096e-01]\n",
      " [ 3.21701403e-01  9.52298213e-05 -1.41604188e-01 -9.24014347e-02\n",
      "  -9.31621397e-01]\n",
      " [ 4.58597419e-01 -1.42212612e-01  4.91296215e-01  7.26606771e-01\n",
      "   1.16021171e-02]\n",
      " [ 5.30480322e-01 -5.05097885e-01 -6.20579001e-01 -1.85251319e-02\n",
      "   2.79294248e-01]\n",
      " [ 2.81785404e-01  8.33669867e-01 -3.85623057e-01  2.43953433e-01\n",
      "   1.31807130e-01]]\n",
      "The smallest eigenvalue is : 0.044364635130467206\n",
      "The eigenvalues below the tolerance of  0.01  are :\n",
      " []\n",
      "We added  0.5  to the diagonal.\n",
      "The eigenvectors are the columns of :\n",
      " [[ 5.70439684e-01  1.72161261e-01  4.52506133e-01 -6.35359431e-01\n",
      "   1.91090712e-01]\n",
      " [ 3.21680413e-01  1.02922525e-04 -1.41562595e-01 -9.21868758e-02\n",
      "  -9.31656220e-01]\n",
      " [ 4.58601626e-01 -1.42270603e-01  4.91259854e-01  7.26614394e-01\n",
      "   1.17856638e-02]\n",
      " [ 5.30466490e-01 -5.05073028e-01 -6.20628929e-01 -1.86218254e-02\n",
      "   2.79248096e-01]\n",
      " [ 2.81798032e-01  8.33679076e-01 -3.85592685e-01  2.43935900e-01\n",
      "   1.31843186e-01]]\n",
      "The smallest eigenvalue is : 0.04436020993848894\n",
      "The eigenvalues below the tolerance of  0.01  are :\n",
      " []\n",
      "We added  0.5  to the diagonal.\n",
      "The eigenvectors are the columns of :\n",
      " [[ 5.70442317e-01  1.72154183e-01  4.52509873e-01 -6.35365092e-01\n",
      "   1.91061546e-01]\n",
      " [ 3.21676705e-01  1.02696428e-04 -1.41559218e-01 -9.21455415e-02\n",
      "  -9.31662103e-01]\n",
      " [ 4.58602373e-01 -1.42283197e-01  4.91252553e-01  7.26615851e-01\n",
      "   1.18190383e-02]\n",
      " [ 5.30464047e-01 -5.05063624e-01 -6.20640067e-01 -1.86391662e-02\n",
      "   2.79243833e-01]\n",
      " [ 2.81800317e-01  8.33684085e-01 -3.85580910e-01  2.43931108e-01\n",
      "   1.31849929e-01]]\n",
      "The smallest eigenvalue is : 0.04436024218494378\n",
      "The eigenvalues below the tolerance of  0.01  are :\n",
      " []\n",
      "We added  0.5  to the diagonal.\n",
      "The eigenvectors are the columns of :\n",
      " [[ 5.70442797e-01  1.72152859e-01  4.52510581e-01 -6.35365746e-01\n",
      "   1.91057459e-01]\n",
      " [ 3.21676060e-01  1.02464485e-04 -1.41558932e-01 -9.21400513e-02\n",
      "  -9.31662912e-01]\n",
      " [ 4.58602499e-01 -1.42285312e-01  4.91251272e-01  7.26616153e-01\n",
      "   1.18233862e-02]\n",
      " [ 5.30463589e-01 -5.05061946e-01 -6.20641939e-01 -1.86415956e-02\n",
      "   2.79243416e-01]\n",
      " [ 2.81800739e-01  8.33685015e-01 -3.85578803e-01  2.43930396e-01\n",
      "   1.31850627e-01]]\n",
      "The smallest eigenvalue is : 0.04436028189535299\n",
      "The eigenvalues below the tolerance of  0.01  are :\n",
      " []\n",
      "We added  0.5  to the diagonal.\n",
      "The eigenvectors are the columns of :\n",
      " [[ 5.70442886e-01  1.72152614e-01  4.52510714e-01 -6.35365807e-01\n",
      "   1.91056895e-01]\n",
      " [ 3.21675947e-01  1.02405927e-04 -1.41558908e-01 -9.21393342e-02\n",
      "  -9.31663026e-01]\n",
      " [ 4.58602519e-01 -1.42285684e-01  4.91251040e-01  7.26616215e-01\n",
      "   1.18239466e-02]\n",
      " [ 5.30463502e-01 -5.05061645e-01 -6.20642267e-01 -1.86419449e-02\n",
      "   2.79243373e-01]\n",
      " [ 2.81800818e-01  8.33685184e-01 -3.85578425e-01  2.43930296e-01\n",
      "   1.31850682e-01]]\n",
      "The smallest eigenvalue is : 0.044360291497670165\n",
      "The eigenvalues below the tolerance of  0.01  are :\n",
      " []\n",
      "We added  0.5  to the diagonal.\n",
      "The eigenvectors are the columns of :\n",
      " [[ 5.70442903e-01  1.72152567e-01  4.52510739e-01 -6.35365816e-01\n",
      "   1.91056795e-01]\n",
      " [ 3.21675927e-01  1.02393863e-04 -1.41558905e-01 -9.21392086e-02\n",
      "  -9.31663045e-01]\n",
      " [ 4.58602522e-01 -1.42285753e-01  4.91250996e-01  7.26616227e-01\n",
      "   1.18240442e-02]\n",
      " [ 5.30463486e-01 -5.05061589e-01 -6.20642327e-01 -1.86420070e-02\n",
      "   2.79243368e-01]\n",
      " [ 2.81800833e-01  8.33685216e-01 -3.85578354e-01  2.43930277e-01\n",
      "   1.31850690e-01]]\n",
      "The smallest eigenvalue is : 0.04436029357804344\n",
      "The eigenvalues below the tolerance of  0.01  are :\n",
      " []\n",
      "We added  0.5  to the diagonal.\n",
      "The eigenvectors are the columns of :\n",
      " [[ 5.70442906e-01  1.72152558e-01  4.52510745e-01 -6.35365819e-01\n",
      "   1.91056771e-01]\n",
      " [ 3.21675924e-01  1.02391532e-04 -1.41558905e-01 -9.21391767e-02\n",
      "  -9.31663050e-01]\n",
      " [ 4.58602522e-01 -1.42285766e-01  4.91250988e-01  7.26616230e-01\n",
      "   1.18240690e-02]\n",
      " [ 5.30463482e-01 -5.05061579e-01 -6.20642339e-01 -1.86420212e-02\n",
      "   2.79243367e-01]\n",
      " [ 2.81800836e-01  8.33685222e-01 -3.85578340e-01  2.43930272e-01\n",
      "   1.31850694e-01]]\n",
      "The smallest eigenvalue is : 0.044360294021735844\n",
      "The eigenvalues below the tolerance of  0.01  are :\n",
      " []\n",
      "We added  0.5  to the diagonal.\n",
      "The eigenvectors are the columns of :\n",
      " [[ 0.57358977  0.68791461  0.44248815 -0.03346854 -0.02919533]\n",
      " [ 0.31331561 -0.0980019  -0.30939792  0.04240636 -0.89146149]\n",
      " [ 0.45776904 -0.67856246  0.43823886 -0.3655012   0.06600041]\n",
      " [ 0.54545306  0.01414305 -0.70938569 -0.11586785  0.43084512]\n",
      " [ 0.25643045 -0.23774372  0.11487298  0.92198973  0.12025171]]\n",
      "The smallest eigenvalue is : 0.1765754251301849\n",
      "The eigenvalues below the tolerance of  0.01  are :\n",
      " []\n",
      "We added  0.5  to the diagonal.\n",
      "The eigenvectors are the columns of :\n",
      " [[ 0.56502906  0.51767734 -0.42806079 -0.47888853 -0.01349265]\n",
      " [ 0.32294578 -0.69904942 -0.61366422  0.17332649  0.02025041]\n",
      " [ 0.4636067  -0.41571504  0.58895791 -0.42044981 -0.29765814]\n",
      " [ 0.53635147  0.26064508  0.1903094   0.75045095 -0.21212483]\n",
      " [ 0.27174272 -0.05084507  0.23893743  0.02586549  0.93048942]]\n",
      "The smallest eigenvalue is : 0.07499153714020812\n",
      "The eigenvalues below the tolerance of  0.01  are :\n",
      " []\n",
      "We added  0.5  to the diagonal.\n",
      "The eigenvectors are the columns of :\n",
      " [[ 0.56535273  0.45141403 -0.49557217 -0.48023693 -0.0195548 ]\n",
      " [ 0.32241621 -0.78031547 -0.50789092  0.16921656  0.02383552]\n",
      " [ 0.4635674  -0.32762325  0.64511675 -0.41582211 -0.29779964]\n",
      " [ 0.53467603  0.2826435   0.14605297  0.75311072 -0.21383866]\n",
      " [ 0.27504707 -0.01043109  0.24279199  0.0255826   0.92985906]]\n",
      "The smallest eigenvalue is : 0.06844942877525033\n",
      "The eigenvalues below the tolerance of  0.01  are :\n",
      " []\n",
      "We added  0.5  to the diagonal.\n",
      "The eigenvectors are the columns of :\n",
      " [[ 5.65529945e-01  4.28062288e-01 -5.14041033e-01 -4.82000619e-01\n",
      "  -1.93849963e-02]\n",
      " [ 3.22191116e-01 -8.02246049e-01 -4.72794866e-01  1.68830910e-01\n",
      "   2.35648022e-02]\n",
      " [ 4.63605089e-01 -2.98806941e-01  6.60379974e-01 -4.13735571e-01\n",
      "  -2.97499413e-01]\n",
      " [ 5.34227206e-01  2.89616696e-01  1.30835390e-01  7.53143230e-01\n",
      "  -2.15362108e-01]\n",
      " [ 2.75754201e-01  7.31839376e-04  2.42914021e-01  2.77431034e-02\n",
      "   9.29613997e-01]]\n",
      "The smallest eigenvalue is : 0.0681010633791335\n",
      "The eigenvalues below the tolerance of  0.01  are :\n",
      " []\n",
      "We added  0.5  to the diagonal.\n",
      "The eigenvectors are the columns of :\n",
      " [[ 0.56562     0.42596724 -0.51553571 -0.48214741 -0.01956342]\n",
      " [ 0.32212038 -0.80406994 -0.4697412   0.16882721  0.02346427]\n",
      " [ 0.46359505 -0.29633505  0.66170933 -0.41341169 -0.29748397]\n",
      " [ 0.53410436  0.29018298  0.12949295  0.75322387 -0.21543385]\n",
      " [ 0.27590694  0.00167879  0.24277248  0.02785357  0.92960112]]\n",
      "The smallest eigenvalue is : 0.06807374823061088\n",
      "The eigenvalues below the tolerance of  0.01  are :\n",
      " []\n",
      "We added  0.5  to the diagonal.\n",
      "The eigenvectors are the columns of :\n",
      " [[ 0.5656446   0.42562021 -0.51576594 -0.48217665 -0.01961629]\n",
      " [ 0.3221023  -0.80435777 -0.46925689  0.16884175  0.02343341]\n",
      " [ 0.46359011 -0.29595113  0.66192882 -0.41333434 -0.29749303]\n",
      " [ 0.53407481  0.29028546  0.12927737  0.75324446 -0.21542652]\n",
      " [ 0.27594311  0.00181769  0.24273662  0.02785037  0.92959958]]\n",
      "The smallest eigenvalue is : 0.06806806799231054\n",
      "The eigenvalues below the tolerance of  0.01  are :\n",
      " []\n",
      "We added  0.5  to the diagonal.\n",
      "The eigenvectors are the columns of :\n",
      " [[ 0.56565075  0.42554656 -0.51581215 -0.4821845  -0.01962883]\n",
      " [ 0.32209782 -0.80441675 -0.46915742  0.16884698  0.02342453]\n",
      " [ 0.4635885  -0.29587328  0.6619752  -0.41331484 -0.29749686]\n",
      " [ 0.53406783  0.2903092   0.12923199  0.75324905 -0.21542302]\n",
      " [ 0.27595196  0.00184378  0.24272838  0.02784796  0.92959913]]\n",
      "The smallest eigenvalue is : 0.06806666321744788\n",
      "The eigenvalues below the tolerance of  0.01  are :\n",
      " []\n",
      "We added  0.5  to the diagonal.\n",
      "The eigenvectors are the columns of :\n",
      " [[ 0.56565226  0.42552952 -0.51582245 -0.48218663 -0.01963171]\n",
      " [ 0.32209671 -0.80443014 -0.46913484  0.16884837  0.02342207]\n",
      " [ 0.46358802 -0.29585567  0.66198594 -0.41330994 -0.29749802]\n",
      " [ 0.53406618  0.29031497  0.12922142  0.75325009 -0.21542205]\n",
      " [ 0.27595415  0.00184924  0.24272647  0.02784735  0.92959898]]\n",
      "The smallest eigenvalue is : 0.06806629595743555\n",
      "The eigenvalues below the tolerance of  0.01  are :\n",
      " []\n",
      "We added  0.5  to the diagonal.\n",
      "The eigenvectors are the columns of :\n",
      " [[ 0.56565262  0.42552545 -0.51582486 -0.48218719 -0.01963237]\n",
      " [ 0.32209643 -0.80443331 -0.4691295   0.16884871  0.02342139]\n",
      " [ 0.46358789 -0.29585151  0.66198852 -0.41330872 -0.29749834]\n",
      " [ 0.53406579  0.29031639  0.12921887  0.75325033 -0.21542181]\n",
      " [ 0.2759547   0.00185044  0.24272602  0.02784721  0.92959894]]\n",
      "The smallest eigenvalue is : 0.06806619898425775\n",
      "The eigenvalues below the tolerance of  0.01  are :\n",
      " []\n",
      "We added  0.5  to the diagonal.\n",
      "The eigenvectors are the columns of :\n",
      " [[ 0.56565271  0.42552446 -0.51582543 -0.48218734 -0.01963252]\n",
      " [ 0.32209636 -0.80443408 -0.46912821  0.16884879  0.02342121]\n",
      " [ 0.46358785 -0.2958505   0.66198914 -0.41330841 -0.29749843]\n",
      " [ 0.5340657   0.29031674  0.12921824  0.75325039 -0.21542175]\n",
      " [ 0.27595484  0.00185071  0.24272591  0.02784719  0.92959893]]\n",
      "The smallest eigenvalue is : 0.06806617334221465\n",
      "The eigenvalues below the tolerance of  0.01  are :\n",
      " []\n",
      "We added  0.5  to the diagonal.\n",
      "The eigenvectors are the columns of :\n",
      " [[ 0.56565273  0.42552422 -0.51582556 -0.48218738 -0.01963256]\n",
      " [ 0.32209635 -0.80443426 -0.4691279   0.16884881  0.02342116]\n",
      " [ 0.46358784 -0.29585025  0.6619893  -0.41330833 -0.29749845]\n",
      " [ 0.53406567  0.29031682  0.12921808  0.7532504  -0.21542173]\n",
      " [ 0.27595488  0.00185077  0.24272588  0.02784718  0.92959892]]\n",
      "The smallest eigenvalue is : 0.06806616655203841\n",
      "The eigenvalues below the tolerance of  0.01  are :\n",
      " []\n",
      "We added  0.5  to the diagonal.\n",
      "The eigenvectors are the columns of :\n",
      " [[ 0.56565274  0.42552416 -0.5158256  -0.48218739 -0.01963257]\n",
      " [ 0.32209634 -0.80443431 -0.46912782  0.16884881  0.02342115]\n",
      " [ 0.46358784 -0.29585019  0.66198934 -0.41330831 -0.29749846]\n",
      " [ 0.53406567  0.29031684  0.12921804  0.7532504  -0.21542173]\n",
      " [ 0.27595489  0.00185079  0.24272588  0.02784718  0.92959892]]\n",
